001001010000100100010
101001010000001000101
001001110110001101000
100101000100100000101
101001010100000000001
101010100001010000010
010100100001001000010
000010010000010000011
100101010000100100100
101010010100100000001
101010100101010100011
100010100001110000101
101010010100001000010
010100100101010100001
010010100101001100001
001010010100101100011
010101000000101100001
001010010101001000001
010101010101001000001
010100010001111000100
111001010010001010110
010100101000001000010
010010101000000100000
100101010100101100010
011100000101001100100
010100101000010000010
100100010101001100001
010010100000010100001