1010101010101011111
0001010001010110010
1010100010101101100
0101010101010000010
0001010001111100100
0101000010001010110
0000000101010000000
0000100100101001011
0101001100101110110
0010101000101000100
0100100001010110110
0100010010100101000
1010010010101001010
1000101010101001000
1010101001010010111
0101001010100101011
1010010101001010100
0100101010010101011
1010101001010101001
0101010010101001100
0101001000001010001
1011110000101001011
1001010100101001010
0101001110000110100
0100110001010100111
0100101010010101000
0101010010010101001
0101010010010100111
0101010010001001000
1001010100101001001
0101001001010001001
1001010010001001100
1001011110001010011
0010101000000101100
1001010000000100010
0010100100000100011
0010010000011110001
1010010000010010100
0100100100101111001
1001010000100101010
0101010000100101000
0101010101100010011
1001010100111100011
0000000100100101000
0100101001010101000
0101010000101010110
0010101001010010110
0010101000100101001
1010010100101010000
0000010101010101011
0101010001010101000
1000000001010010101
1111100000000111100
1100001001010010110
0100101000100000101
0010111100100101010
0101010001100111011
0001101100101001010
0010100100100100100
0100100100100001001
0000001000010010001
1010001001001010100
1010010000101001011
1001100001000010010
1001001001000001001
0001000100100101000
1010010000110010010
0100101000100100100
1001001001010100100
1010100100100101001
0010010100010100001
0101010000001001010
0101010100100100001
0100100101001001001
0010010010000101001
0010010100101000100
1010010101001010010
1001010010000000001